Pop$	Block	W1	W2	W3	L1	L2	L3	flwsize	lines	colour	pigment	FlwDate	display	DaysFlwing	height	InflorLen	flowers	aborted	damage	fruits	meanfruitsize	fitness	openflws	VOCdate	unknown1	trans2octenal	cis6nonenal	cisbetaocimene	linalool 	bergamotene	germacreneD	alphafarnasene	betacitronellol	methylsalicylate	thujol	cisjasmone	nerolidol	unknown3	transbetaocimene	unknown2	alkene	methylbenzoate	sesquiterpene 	alphacedrene	alphacopaene	betacedrene	methylcinnamate	tscent	
TH	9	9.76	4.91	3.49	5.63	9.25	17.34	7.29	3.00	11.67	35.00	167	4.22	9	65	7	32	1	3	31	4.21	124.25	6.0	21	0.0000	0.7195	3.0161	0.0000	0.1573	0.1163	0.0000	0.0000	0.0454	0.0000	0.0000	0.0000	0.0000	0.0891	0.0000	0.0000	44.8761	0.0000	0.0000	0.0000	0.0522	0.0000	0.2758	49.3477	
WF	8	7.74	4.62	2.79	5.38	8.55	16.62	6.51	0.00	0.00	0.00	166	12.38	8	85	21	74	2	3	72	5.46	385.19	17.0	21	0.3273	2.4168	2.0034	0.4342	1.8480	0.1389	0.0000	0.1028	0.3445	0.0000	0.0000	0.0000	0.0000	0.3054	0.3661	0.0712	42.4334	0.0000	0.0000	0.0000	0.1926	0.0000	0.0000	50.9847	
TH	27	9.29	5.38	3.19	7.49	12.25	21.08	8.22	2.00	10.40	20.80	166	8.13	8	68	8	51	11	1	40	4.86	191.82	15.0	23	0.3481	3.3360	6.4994	0.1159	2.0082	1.3395	0.5071	0.0000	0.4964	0.0000	0.1829	0.0000	0.0213	0.0620	1.4559	0.0396	31.7014	0.1579	0.0000	0.0000	0.2570	0.0000	0.0000	48.5287	
TH	15	9.15	4.45	3.10	5.37	10.68	20.64	7.29	3.00	13.33	40.00	167	2.67	6	32	4	16	5	1	11	4.95	51.93	4.0	24	0.2343	0.8663	0.2655	0.0000	0.2383	0.2244	0.0000	0.0000	0.0000	0.0856	0.0428	0.0085	0.0000	0.0000	0.0000	0.0000	4.4421	0.0724	0.0000	0.0000	0.0289	0.0000	0.0000	6.5091	
TH	14	7.57	4.50	2.89	6.04	10.83	19.22	7.06	2.50	11.00	27.50	166	3.63	8	54	9.5	29	13	0	16	5.96	95.39	7.0	22	0.0881	0.5708	0.6212	0.0343	0.0355	0.5138	0.2457	0.1519	0.2286	0.0061	0.0000	0.0325	0.0000	0.0466	0.1004	0.0000	3.0839	0.0774	0.2381	0.0679	0.1037	0.0306	0.4140	6.6910	
TH	19	8.00	4.71	3.30	5.78	8.70	17.36	6.91	3.00	9.67	29.00	166	3.55	11	73	11	43	14	4	29	4.44	119.90	5.0	22	8.8283	3.2469	2.2283	0.0000	0.1079	0.3486	0.0000	0.0000	0.0000	0.0628	0.0221	0.0146	0.0000	0.0000	0.0000	0.0000	2.2153	0.0536	0.0000	0.1728	0.0347	0.0000	0.0000	17.3357	
WF	4	7.88	4.18	3.00	4.65	9.21	16.82	6.44	0.33	0.67	0.22	173	4.00	11	61.5	11	41	5	9	36	5.07	159.56	2.0	24	0.0000	0.6427	3.6855	0.0457	0.7559	0.1435	0.1038	0.0000	0.0819	0.1425	0.0000	0.0000	0.0341	0.3224	2.4853	0.7217	1.4805	0.0000	0.1123	0.2062	0.0874	0.0739	0.6946	11.8198	
NR	15	8.71	5.21	3.41	5.83	9.16	16.71	7.19	2.00	8.00	16.00	169	2.33	6	55	5	18	9	2	9	5.38	43.03	3.0	25	2.5841	0.5206	0.3161	0.1004	0.5677	0.4008	0.9599	0.1587	0.1644	0.3494	0.1661	0.0082	0.2564	0.2555	0.0000	0.5285	0.8214	0.3205	0.1405	0.0360	0.1342	0.1096	0.0373	8.9364	
NR	25	7.74	4.60	3.07	5.39	8.85	17.19	6.69	2.00	8.67	17.33	169	6.67	6	58	10.5	31	3	1	28	5.08	139.83	11.0	24	1.9064	0.2113	2.2246	0.1452	3.8580	2.1622	1.2353	0.3013	0.2527	3.2868	0.2090	0.0605	0.2698	0.0000	0.0000	0.4563	0.6632	3.7192	1.8025	0.7826	0.2584	1.6621	0.3151	25.7826	
TH	29	8.12	4.63	2.88	5.32	9.91	19.05	6.91	2.00	10.33	20.67	171	3.00	6	58	11.5	20	9	2	11	5.02	50.23	3.0	23	0.1431	1.0397	0.3905	0.0250	0.2687	0.1746	0.0867	0.0000	0.0000	0.0000	0.0967	0.0091	0.0000	0.0000	1.2850	0.0000	0.4495	0.0194	0.0000	0.0000	0.0458	0.0000	0.0000	4.0339	
WF	17	7.40	4.58	2.69	4.99	9.07	16.52	6.39	2.80	7.20	20.16	166	3.60	5	48	5	16	4	4	12	3.86	38.58	6.0	22	0.0000	0.1824	0.0621	0.0000	0.1201	0.0000	0.0000	0.0000	0.0485	0.0000	0.0000	0.0000	0.0000	0.0000	0.5991	0.0000	0.4172	0.0000	0.0000	0.0000	0.0000	0.0000	0.4203	1.8497	
WF	11	8.77	5.12	3.11	5.17	9.36	18.41	7.06	2.33	4.67	10.89	173	2.78	9	57	12.5	26	8	11	18	5.28	65.96	1.0	22	0.0958	0.0216	0.0000	0.1154	0.0284	0.0000	0.0000	0.0000	0.0968	0.0000	0.0000	0.0000	0.0000	0.5951	0.6985	0.2032	0.3604	0.0000	0.0000	0.3219	0.0000	0.0000	0.0000	2.5371	
NR	9	8.91	4.95	3.08	4.99	9.77	18.85	7.07	2.33	8.33	19.44	169	3.17	6	54	5	12	0	3	12	5.59	58.73	2.0	21	0.4775	0.0000	0.2423	0.0000	0.2208	0.0000	0.0000	0.2527	0.0000	0.2194	0.0000	0.0000	0.0302	0.0000	0.0000	0.1294	0.3589	0.0000	0.2369	0.0000	0.0326	0.2371	0.0701	2.5078	
TH	6	8.62	5.11	3.30	6.83	9.76	18.17	7.49	3.00	10.67	32.00	166	3.71	7	59	6.5	23	11	3	12	5.96	62.55	3.0	24	0.6549	3.3413	1.4158	0.1892	1.7274	0.5172	0.1235	0.0000	0.0000	0.1104	0.1948	0.0000	0.0470	0.0000	0.0000	0.3136	0.3564	0.0000	0.0000	0.0000	0.1485	0.0000	1.0449	10.1850	
TH	24	8.82	4.93	3.05	6.21	10.25	18.69	7.35	1.00	6.33	6.33	169	3.40	5	54	6.5	16	3	0	13	5.48	71.21	3.0	24	0.7140	1.7949	2.0947	0.1288	1.1615	0.0000	0.2970	0.0000	0.0000	0.0812	0.1912	0.0000	0.0529	0.0000	0.0000	0.6670	0.3406	0.0000	0.0000	0.0915	0.0836	0.0000	1.0156	8.7145	
NR	8	8.36	4.80	3.00	5.26	8.43	17.05	6.71	1.33	4.33	5.78	169	6.60	5	47	11	32	1	4	31	4.73	137.05	9.0	21	1.5542	0.2418	0.2223	0.0062	0.4006	0.4196	0.0000	0.2399	0.2450	0.0000	0.0000	0.0303	0.1228	0.1662	0.0000	0.3245	0.3353	0.5697	0.4606	0.4842	0.0766	0.4449	0.3813	6.7260	
WF	25	7.36	3.94	2.63	5.04	8.11	15.48	6.03	3.00	9.67	29.00	171	2.50	11	44	55	24	6	9	18	4.26	57.56	3.0	22	0.2933	0.1269	0.5538	0.0000	0.0916	0.2341	0.0000	0.0000	0.0000	0.0000	0.0000	0.0140	0.0000	0.6081	0.0000	0.0000	0.2093	0.0000	0.0000	0.0000	0.0613	0.0000	0.2118	2.4042	
TH	8	9.42	5.68	2.81	6.57	11.71	19.82	7.82	2.67	11.00	29.33	169	3.33	6	63.5	8.5	14	3	0	11	4.70	51.65	5.0	21	0.6461	0.2189	0.0000	0.0000	0.0000	0.0000	0.0000	0.0000	0.0000	0.0000	0.0000	0.0000	0.0000	0.0000	0.0000	0.0000	0.1992	0.0000	0.0000	0.0000	0.0000	0.0000	0.0000	1.0641	
TH	18	8.81	5.02	3.22	5.54	10.01	18.54	7.26	3.00	8.00	24.00	169	4.86	7	72	9	26	8	0	18	4.58	82.48	8.0	25	0.4710	1.4141	1.3698	0.0644	0.7709	0.3651	0.2088	0.0000	0.0000	0.1730	0.0956	0.0000	0.0289	0.0000	0.1151	0.4664	0.1703	0.0000	0.0000	0.0892	0.0418	0.0000	0.6831	6.5274	
TH	12	8.99	6.73	3.03	6.09	10.08	17.90	7.66	0.00	0.00	0.00	171	2.43	7	49	7	19	9	0	10	4.30	42.96	2.0	22	0.0000	0.0860	0.0000	0.0078	0.0394	0.3330	0.0000	0.0000	0.0076	0.0000	0.0000	0.0065	0.0000	0.0000	0.0000	0.0000	0.1341	0.0217	0.0000	0.0000	0.0040	0.0000	0.1014	0.7415	
NR	33	8.28	4.35	2.82	5.69	9.28	17.79	6.76	2.33	8.67	20.22	169	3.17	6	44	10.5	29	16	2	13	4.96	59.53	4.0	23	3.0251	0.1581	0.1814	0.0710	0.1372	0.0000	0.6053	0.5935	0.0561	0.0000	0.3997	0.0219	0.2248	0.1297	0.2917	0.0000	0.1280	0.7679	0.6631	0.2307	0.3351	0.6155	0.0000	8.6358	
WF	21	7.23	4.45	2.89	5.43	8.88	17.30	6.53	2.33	6.67	15.56	166	5.20	10	75	11	46	19	11	27	5.11	109.78	8.0	24	0.8258	1.5575	1.0195	0.3313	1.1502	1.6517	0.4061	0.0551	1.1250	0.1847	0.3078	0.0110	0.0840	0.0000	1.3970	0.2065	0.1049	0.0000	0.0000	0.0000	0.1621	0.0000	0.2322	10.8122	
NR	20	8.15	4.73	2.84	4.48	9.50	17.23	6.57	2.33	9.00	21.00	166	7.88	8	61	14	47	4	18	43	4.87	165.44	10.0	22	1.8425	0.4441	0.1737	0.0880	0.6068	0.0000	0.4788	0.0000	0.0000	0.3817	0.0109	0.0000	0.0000	0.0337	1.4163	0.0000	0.1045	0.3164	0.3025	0.1295	0.3027	0.3508	0.0000	6.9831	
WF	27	6.71	3.88	2.96	4.10	8.70	15.30	5.90	1.33	5.00	6.67	171	4.00	6	64.5	5.5	21	13	3	8	4.33	28.15	3.0	23	0.0000	0.3100	0.1906	0.0000	0.0481	0.1561	0.0000	0.0000	0.0092	0.0000	0.0487	0.0000	0.0000	0.0478	0.5774	0.0000	0.1003	0.0134	0.0000	0.0000	0.0267	0.0000	0.0000	1.5282	
NR	18	7.19	4.46	2.64	4.06	9.25	17.68	6.19	3.00	9.00	27.00	171	3.33	6	62	8	26	10	2	16	4.79	71.81	6.5	25	1.2574	0.4237	0.7985	0.2475	1.1105	0.3762	0.1854	0.0564	0.1232	0.4865	0.2048	0.0160	0.1685	0.0000	2.2660	0.1077	0.0955	0.0828	0.1624	0.0000	0.0602	0.1266	0.0000	8.3557	
NR	16	9.34	5.11	3.10	5.50	9.85	17.72	7.22	3.00	10.67	32.00	169	2.06	16	66	11.5	42	22	2	20	4.42	83.98	3.0	22	1.7421	0.2807	0.1502	0.0000	0.0000	0.0000	0.3959	0.1130	0.0000	0.0000	0.0000	0.0000	0.0000	0.5110	0.0000	0.0887	0.0881	0.0000	0.0000	0.0000	0.0000	0.0000	0.0745	3.4442	
NR	24	7.92	5.24	3.02	5.86	8.99	17.71	6.99	3.00	9.33	28.00	171	2.60	5	52	8	19	7	4	12	4.85	48.52	6.0	24	1.3726	0.1583	0.3349	0.1531	0.3859	0.8983	0.1004	0.4195	0.3513	0.2847	0.3358	0.0000	0.1144	0.0000	0.0000	0.2620	0.0874	0.1818	0.7407	0.2901	0.1327	0.3237	1.0398	7.9674	
WF	28	7.47	4.00	2.63	5.96	9.11	16.78	6.45	1.33	4.67	6.22	171	4.10	10	53	11	36	12	4	24	4.59	100.88	4.0	23	0.0928	0.1408	0.1049	0.0804	0.1259	0.0000	0.0620	0.0000	0.1286	0.0000	0.0980	0.0000	0.0079	0.0568	0.0000	0.0599	0.0870	0.1557	0.0000	0.4411	0.0000	0.0000	0.0000	1.6418	
WF	10	7.88	4.10	2.67	5.13	7.68	15.50	6.12	3.00	9.67	29.00	169	5.57	7	50	8	28	0	14	28	5.00	105.02	7.0	21	0.1857	0.1401	0.0000	0.2214	0.2818	0.0000	0.0000	0.0000	0.0000	0.0000	0.0000	0.0000	0.0000	0.2113	0.0000	0.1773	0.0561	0.0000	0.0000	0.0000	0.0000	0.0000	0.0000	1.2736	
WF	18	8.62	4.97	2.88	5.13	9.03	17.74	6.83	2.00	8.67	17.33	169	6.67	6	50	13	36	5	7	31	4.41	121.21	8.5	25	0.0000	0.3398	0.1365	0.0845	0.3176	0.1648	0.0449	0.0433	0.1065	0.0191	0.1433	0.0000	0.0000	0.1010	0.3200	0.0000	0.0501	0.0185	0.0000	0.1417	0.0421	0.0000	0.0000	2.0737	
WF	20	8.01	4.55	2.92	4.99	10.85	19.52	6.95	1.00	6.67	6.67	169	4.13	8	66	8	28	4	12	24	5.15	92.77	6.0	22	0.3294	0.2374	0.1051	0.0438	0.1398	0.6353	0.1597	0.0000	0.2389	0.0510	0.0085	0.0370	0.0261	0.1824	0.1950	0.0000	0.0175	0.0365	0.0267	0.2968	0.0360	0.0260	0.0000	2.8286	
NR	14	7.63	4.84	3.03	5.37	9.35	18.90	6.88	3.00	12.67	38.00	169	4.13	8	69	11	34	5	7	29	5.54	141.23	6.5	25	0.9399	0.1798	0.8553	0.3897	1.4495	0.9163	0.2847	0.4421	0.4553	0.6569	0.3101	0.0272	0.0865	0.1090	1.0003	0.0847	0.0036	0.0269	1.3423	0.2499	0.2049	1.1786	0.5523	11.7457	
WF	13	7.44	4.45	2.72	5.25	8.59	15.89	6.34	1.00	3.67	3.67	169	6.00	16	73	14.5	101	42	12	59	5.08	269.35	5.0	22	0.7597	0.4060	0.9738	0.1020	0.0000	0.5031	0.3746	0.0405	0.2577	0.0767	0.1308	0.0231	0.0249	0.0160	0.9878	0.0000	0.0015	0.0613	0.0874	0.0929	0.1640	0.0828	0.0749	5.2417	
NR	30	7.43	4.05	2.81	4.94	9.76	18.64	6.51	3.00	9.00	27.00	169	3.55	11	77	19	35	18	7	17	3.95	53.30	6.0	24	2.4805	0.7467	1.3549	0.1023	0.3082	3.8298	0.2421	0.8166	0.1490	3.7700	0.1532	0.0452	0.3407	0.0000	0.0000	0.1580	0.0000	0.9707	1.6101	0.6168	0.1308	1.4861	0.8899	20.2014	
NR	23	7.65	4.83	2.97	5.46	9.07	17.66	6.77	3.00	10.00	30.00	169	4.29	7	59	7	28	9	4	19	4.79	81.50	6.0	24	1.5133	0.1408	1.0003	0.0995	1.2609	1.6800	1.3853	0.2364	0.1850	1.1909	0.2761	0.0213	0.1731	0.0000	1.4589	0.1935	0.0000	0.3373	0.7654	0.1569	0.3704	0.6964	0.0000	13.1416	
NR	34	9.34	5.40	2.82	5.21	9.67	17.98	7.10	2.40	9.60	23.04	166	4.33	6	50	11	16	1	1	15	4.58	66.38	7.0	23	1.3196	0.4461	0.1613	0.0411	0.2608	0.0000	0.1787	0.5509	0.1812	0.0000	0.1478	0.0000	0.0335	0.0903	0.0000	0.0000	0.0000	0.1489	0.6856	0.2670	0.1165	0.6858	0.0000	5.3152	
NR	12	8.46	5.16	3.00	5.23	8.79	18.76	6.95	3.00	9.80	29.40	166	9.00	5	66	11.5	41	4	1	37	5.45	198.83	7.0	22	2.5473	0.4446	0.7077	0.2343	0.3249	0.3398	0.8543	0.3724	0.2236	0.6288	0.1680	0.0272	0.0000	0.3156	1.7829	0.0000	0.0000	0.2982	0.6260	0.1469	0.1174	0.5499	0.0932	10.8029	
TH	31	7.70	4.70	3.25	5.09	11.13	19.95	7.14	1.67	8.00	13.33	166	1.80	10	75	6	19	9	0	10	4.73	47.27	2.0	23	0.8653	0.2537	0.1349	0.1079	1.0139	0.4111	0.3386	0.3990	0.3379	0.0000	0.2512	0.0417	0.0418	0.0482	0.2300	0.0000	0.0000	0.3575	0.5756	0.2001	0.0927	0.5813	0.0000	6.2824	
NR	1	8.15	5.04	2.81	5.15	9.26	17.09	6.74	3.00	10.25	30.75	166	5.25	8	60	10	39	10	5	29	5.31	140.73	10.0	21	1.1013	0.3796	0.5854	0.2299	1.5273	0.5365	1.3520	0.4723	0.5190	2.7888	0.2265	0.1177	0.2174	0.2368	0.5188	0.3731	0.0000	0.5103	0.5220	0.3226	0.1953	0.4879	0.1980	13.4185	
NR	28	9.49	5.21	3.11	5.68	9.15	18.19	7.25	2.00	7.67	15.33	169	3.43	14	68	14.5	38	13	7	25	4.16	89.39	4.0	23	0.7661	0.0876	0.2559	0.0754	0.6266	0.7772	0.3781	0.2503	0.1015	0.0000	0.1602	0.0219	0.0309	0.7538	0.0815	0.0000	0.0000	0.2224	0.5198	0.2029	0.2998	0.4889	0.0000	6.1009	
NR	32	9.36	5.33	3.04	6.02	9.51	18.20	7.35	2.80	10.00	28.00	166	6.33	6	61	12.5	39	8	9	31	4.80	127.23	10.0	23	0.9250	0.5396	0.1325	0.1368	0.2695	0.0000	0.0537	0.2692	0.3822	0.0000	0.2978	0.0253	0.0494	0.1308	0.6371	0.0000	0.0000	0.2458	0.5136	0.4645	0.0911	0.5056	0.0000	5.6695	
TH	20	7.32	4.57	2.58	4.98	9.11	17.10	6.37	2.33	9.67	22.56	166	3.67	9	65	8.5	31	13	3	18	4.85	79.98	5.0	22	0.1112	0.7545	0.0412	0.0165	0.1479	0.3611	0.0000	0.1765	0.0784	0.1395	0.0000	0.0160	0.0000	0.1050	0.0445	0.0000	0.0000	0.0247	0.4200	0.0759	0.0211	0.0000	0.2052	2.7393	
TH	16	9.16	5.07	3.07	6.18	10.12	18.96	7.44	3.00	8.33	25.00	169	3.71	7	58	10.5	34	12	1	22	4.19	90.07	4.0	22	0.2141	0.4059	0.0832	0.0130	0.0341	0.6672	0.0866	0.0634	0.0949	0.0392	0.0000	0.0285	0.0000	0.0000	0.0000	0.0000	0.0000	0.0077	0.3701	0.0626	0.0588	0.0232	0.0000	2.2527	
NR	26	9.87	5.56	2.95	6.03	8.10	17.48	7.19	2.00	6.67	13.33	171	2.67	6	51.5	6	18	6	3	12	5.23	54.96	3.0	23	2.0616	0.3276	0.2452	0.0703	0.2275	0.1301	0.2800	0.0843	0.0677	0.0000	0.1624	0.0204	0.0705	0.0716	0.0000	0.0000	0.0000	0.2803	0.2505	0.0000	0.1892	0.2311	0.0712	4.8415	
NR	27	9.07	5.07	3.07	5.64	9.76	18.39	7.23	3.00	9.67	29.00	166	3.25	4	52.5	9.5	22	11	1	11	4.97	52.16	2.0	23	0.6607	0.4895	0.3085	0.0000	0.0750	0.3531	0.2355	0.1122	0.0309	0.0000	0.0457	0.0000	0.0161	0.2664	0.0000	0.0000	0.0000	0.0347	0.2268	0.0726	0.0710	0.2204	0.0000	3.2191	
NR	29	7.99	4.51	2.79	4.92	9.33	18.92	6.66	2.33	8.67	20.22	171	2.75	4	39	4	6	1	2	5	4.19	16.76	3.0	23	0.0593	0.0000	0.0000	0.0000	0.3606	0.1101	0.0463	0.0917	0.1470	0.0000	0.0712	0.0226	0.0144	0.0000	0.0000	0.0000	0.0000	0.1016	0.0975	0.0000	0.0000	0.0975	0.0000	1.2198	
TH	11	9.61	4.86	3.33	5.49	11.43	21.90	7.73	0.80	3.60	2.88	166	5.20	5	55	9	16	0	2	16	6.15	92.20	6.0	22	0.0091	0.2722	0.0000	0.0236	0.1101	0.0831	0.0624	0.0387	0.0851	0.0414	0.0000	0.0000	0.0000	0.0650	0.0937	0.0000	0.0000	0.0556	0.0816	0.0295	0.0291	0.0000	0.0000	1.0803	
WF	33	7.68	4.91	2.90	5.25	9.01	17.26	6.69	3.00	6.33	19.00	172	1.78	9	57	6.5	21	8	1	13	4.50	56.22	1.0	23	0.0490	0.0712	0.0000	0.0150	0.0962	0.1312	0.0000	0.0000	0.0000	0.0000	0.0685	0.0000	0.0000	0.0909	0.0000	0.0000	0.0000	0.0160	0.0810	0.0000	0.0448	0.0774	0.0000	0.7413	
WF	29	7.19	4.53	2.76	5.61	9.81	18.08	6.69	1.00	6.33	6.33	171	2.11	9	52	9.5	33	17	9	16	5.13	59.04	1.0	23	0.1519	0.2631	0.3105	0.1027	0.0680	0.2298	0.0897	0.0000	0.1073	0.0000	0.1615	0.0000	0.0000	0.0483	0.0569	0.0000	0.0000	0.0331	0.0749	0.0000	0.0345	0.0750	0.0000	1.8072	
WF	31	6.57	3.81	2.80	4.22	8.81	15.82	5.88	0.00	0.00	0.00	171	1.83	6	57	5.5	13	8	2	5	4.67	18.67	1.0	23	0.3365	0.3810	0.2788	0.0000	0.0646	0.1987	0.1293	0.0000	0.0000	0.0000	0.0448	0.0000	0.0109	0.1166	0.0000	0.0000	0.0000	0.0492	0.0659	0.0000	0.0645	0.0659	0.0500	1.8567	
NR	2	7.79	5.02	2.82	5.78	9.23	16.98	6.81	3.00	11.67	35.00	166	5.14	7	49	7	33	9	0	24	4.59	110.06	9.0	21	1.9712	0.8757	0.2029	0.3437	1.2530	0.0215	0.4189	0.0385	0.1978	0.9914	0.3097	0.0499	0.1690	0.0499	1.8077	0.1431	0.0000	0.2923	0.0320	0.0000	0.1315	0.0568	0.0000	9.3565	
NR	13	8.41	4.62	3.01	5.31	9.13	17.92	6.83	3.00	9.67	29.00	169	3.45	11	64	10	40	15	2	25	4.92	118.01	3.0	22	0.6110	0.1716	0.0534	0.0340	0.1773	0.4914	1.2665	0.2707	0.1541	0.5248	0.0082	0.0270	0.0572	0.0000	0.2922	0.0000	0.0000	0.3004	0.0252	0.1712	0.1366	0.0000	0.0000	4.7729	
NR	5	7.69	4.37	3.16	4.92	8.79	17.09	6.54	3.00	9.67	29.00	171	1.56	9	42	4	9	1	4	8	4.30	25.79	1.0	24	0.2477	0.1890	0.0336	0.0366	0.2727	0.1420	0.0000	0.0000	0.0000	0.0000	0.0000	0.0000	0.0376	0.0000	0.0000	0.5961	0.0000	0.0129	0.0000	0.0000	0.0513	0.0000	0.0000	1.6196	
WF	7	8.25	4.94	3.21	6.12	9.67	17.98	7.20	1.67	5.00	8.33	167	3.93	14	74.5	11	54	9	14	45	5.53	210.10	6.0	24	0.3265	0.2965	0.0000	0.1315	0.6087	0.5695	0.0513	0.0000	0.2673	0.0366	0.1517	0.0044	0.0000	0.0000	0.0000	0.5180	0.0000	0.0000	0.0000	0.0692	0.0342	0.0000	2.1994	5.2649	
NR	6	8.55	4.97	3.32	6.02	10.36	18.38	7.38	3.00	9.33	28.00	169	4.75	4	55	7.5	27	9	4	18	5.25	83.94	9.0	21	4.2571	0.4105	0.1365	0.0909	0.2766	0.0000	0.9323	0.4269	0.0838	1.1250	0.0000	0.0000	0.3669	0.0000	0.0000	0.4928	0.0000	0.0000	0.0000	0.0000	0.2796	0.2157	0.1171	9.2117	
TH	25	8.27	4.96	3.23	5.22	9.01	16.73	6.86	2.00	10.33	20.67	166	3.43	7	75	16	34	25	2	9	5.78	46.22	18.0	24	0.7921	3.6585	0.8205	0.0000	0.4172	1.0752	0.3861	0.0210	0.0000	0.1009	0.0000	0.0077	0.0000	0.0000	0.8261	0.4046	0.0000	0.0109	0.0000	0.0000	0.0765	0.0000	0.3483	8.9456	
WF	24	8.14	5.15	2.83	5.81	10.41	18.83	7.16	3.00	11.33	34.00	169	3.82	11	57	11.5	42	15	3	27	4.68	119.46	3.0	24	1.3287	0.5772	0.3313	0.2009	0.2590	0.5776	0.0680	0.0000	0.5710	0.1598	0.3221	0.0000	0.0667	0.0000	0.0000	0.3860	0.0000	0.0000	0.0000	0.0767	0.0239	0.0000	0.0000	4.9488	
TH	21	6.63	4.08	2.56	4.50	8.59	16.26	5.93	3.00	8.00	24.00	167	3.89	9	53	9	38	19	0	19	3.48	66.21	8.0	24	0.5932	3.1658	0.7613	0.0924	0.6708	0.5832	0.1026	0.0282	0.1268	0.0889	0.0000	0.0294	0.0000	0.0000	0.6175	0.3278	0.0000	0.0000	0.0000	0.0000	0.0955	0.0000	0.8094	8.0928	
TH	23	8.98	4.78	2.96	6.77	10.66	20.24	7.55	1.00	5.67	5.67	169	4.50	8	55	8	26	8	1	18	4.69	82.14	5.0	24	0.2280	1.0332	0.6448	0.0000	0.3803	0.7303	0.1207	0.0000	0.0000	0.2648	0.0000	0.0000	0.0048	0.0000	0.2302	0.2658	0.0000	0.0000	0.0000	0.0869	0.0000	0.0000	0.3506	4.3404	
WF	23	7.87	4.73	2.79	5.24	9.58	17.19	6.69	1.67	10.67	17.78	171	3.00	8	44	6.5	22	5	8	17	3.99	51.86	5.0	24	0.5862	0.1825	0.8728	0.2500	0.1792	0.3286	0.2470	0.0000	0.1376	0.0414	0.3538	0.0152	0.0000	0.0000	0.8351	0.1565	0.0000	0.0676	0.0000	0.0383	0.1342	0.0000	0.0487	4.4746	
WF	9	8.18	4.42	2.62	5.05	9.96	18.11	6.65	3.00	7.00	21.00	169	4.23	13	66	12	41	5	13	36	4.68	138.09	7.0	21	0.0197	0.2158	0.0631	0.1113	0.0276	0.0550	0.0000	0.0000	0.0000	0.0000	0.0000	0.0000	0.0000	0.2020	0.0000	0.0721	0.0000	0.0000	0.0000	0.0000	0.0000	0.0000	0.0000	0.7666	
TH	2	8.19	4.25	3.20	4.87	8.16	15.91	6.43	1.00	5.33	5.33	171	4.75	8	58.5	14	33	15	3	18	5.12	84.42	3.0	21	0.0255	1.0931	0.2603	0.0000	0.0000	0.0280	0.0000	0.0000	0.0000	0.0000	0.0000	0.0000	0.0000	0.0000	0.0000	0.0594	0.0000	0.0000	0.0000	0.0000	0.0000	0.0000	0.0000	1.4664	
WF	2	6.60	4.15	2.85	4.53	9.27	16.13	6.13	1.00	2.67	2.67	171	4.67	6	62	9	28	9	6	19	5.07	81.05	2.5	25	0.1510	0.0369	0.0000	0.0087	0.0560	0.0000	0.0055	0.0000	0.0108	0.0000	0.0038	0.0000	0.0000	0.0479	0.0666	0.0266	0.0000	0.0000	0.0000	0.0000	0.0000	0.0000	0.0400	0.4537	
WF	34	7.74	4.10	2.43	5.18	9.24	17.18	6.32	3.00	7.67	23.00	173	2.25	12	64	12	42	31	2	11	5.31	53.08	3.0	23	0.0407	0.6330	1.8544	0.0760	0.1031	0.8362	2.7050	0.0000	0.1141	0.0000	0.1320	0.0464	0.0165	0.1821	0.0770	0.0000	0.0000	0.0302	0.0000	0.4229	0.3648	0.0000	0.0000	7.6343	
TH	34	8.34	4.75	2.53	6.48	10.78	20.20	7.22	2.00	7.00	14.00	169	3.14	7	58	7	31	12	5	19	5.06	83.56	5.0	23	0.1382	0.4761	0.0322	0.0405	0.6465	0.1295	0.1247	0.0000	0.1567	0.0000	0.0587	0.0000	0.0000	0.1547	0.0000	0.0000	0.0000	0.0239	0.0000	0.0000	0.0397	0.0000	0.0000	2.0215	
WF	26	7.94	4.35	2.87	4.26	9.64	16.62	6.38	1.00	4.67	4.67	169	3.67	9	51.5	6.5	26	4	14	22	5.23	78.44	10.0	23	0.0000	0.3696	0.0823	0.1690	0.5871	0.1734	0.0899	0.0866	0.2039	0.0382	0.2380	0.0000	0.0000	0.1541	0.0625	0.0000	0.0000	0.0235	0.0000	0.2834	0.0576	0.0000	0.0000	2.6191	
TH	33	8.73	5.65	3.04	5.91	8.85	16.88	7.14	2.00	9.00	18.00	169	3.13	8	56	6	27	9	0	18	3.38	60.86	6.0	23	0.3386	1.1982	0.4548	0.0000	0.4704	0.4375	0.0547	0.0000	0.0348	0.0000	0.0333	0.0166	0.0000	0.1513	1.9354	0.0000	0.0000	0.0214	0.0000	0.0000	0.0864	0.0000	0.0000	5.2333	
WF	35	7.28	4.13	2.70	4.92	9.37	16.22	6.27	0.00	0.00	0.00	171	3.63	8	54	8.5	27	12	7	15	4.47	51.41	4.0	23	0.4515	0.3162	0.1336	0.0320	0.1155	0.1390	0.5217	0.0000	0.1009	0.0000	0.0660	0.0000	0.0280	0.1415	0.5079	0.0000	0.0000	0.0000	0.0000	0.0807	0.0725	0.0000	0.0000	2.7071	
WF	32	7.71	5.59	2.55	5.53	9.50	18.10	6.86	2.00	6.75	13.50	172	2.50	10	75	16	43	22	4	21	5.16	98.13	1.0	23	0.2184	0.0782	0.0927	0.0324	0.1484	0.0000	0.1025	0.0000	0.0333	0.0000	0.0403	0.0050	0.0000	0.1234	0.0000	0.0000	0.0000	0.0114	0.0000	0.0000	0.1573	0.0000	0.0000	1.0432	
WF	30	7.41	5.03	2.78	5.11	7.93	16.24	6.39	2.00	7.33	14.67	171	3.20	5	52.5	55	20	9	3	11	5.06	48.08	4.0	23	0.0000	0.1678	0.0000	0.0396	0.3292	0.1855	0.0098	0.0000	0.0284	0.0000	0.1072	0.0000	0.0000	0.1009	0.0000	0.0000	0.0000	0.0294	0.0000	0.0000	0.0261	0.0000	0.0000	1.0238	
TH	28	10.17	5.65	3.24	6.52	11.46	21.12	8.15	1.80	8.40	15.12	166	6.67	6	70	12.5	26	1	0	25	4.91	122.79	6.0	23	0.0638	0.3589	0.2060	0.0283	1.3532	0.2364	0.0102	0.0000	0.0596	0.0000	0.0346	0.0091	0.0000	0.0503	0.0000	0.0000	0.0000	0.0449	0.0000	0.0000	0.0481	0.0000	0.0000	2.5035	
TH	32	9.02	5.27	3.50	6.18	12.34	22.23	8.10	3.00	17.33	52.00	166	4.33	6	64	9.5	32	16	0	16	5.07	81.04	6.0	23	0.1201	1.1836	0.1514	0.0000	0.0718	1.5783	0.2826	0.0000	0.0048	0.0000	0.0384	0.0248	0.0000	0.0384	0.0000	0.0000	0.0000	0.0000	0.0000	0.0000	0.0401	0.0000	0.0000	3.5342	
TH	26	8.64	4.78	2.89	4.92	10.51	19.20	7.01	1.40	6.00	8.40	166	4.00	6	58	7.5	15	4	1	11	4.83	50.68	5.0	23	0.7703	0.6795	0.3705	0.0393	0.4538	0.0813	0.1182	0.0000	0.2868	0.0000	0.0970	0.0000	0.0000	0.0263	0.0000	0.0000	0.0000	0.1540	0.0000	0.0000	0.0761	0.0000	0.0000	3.1532	
NR	3	7.05	4.15	2.84	4.66	9.19	14.39	6.10	2.00	9.67	19.33	166	6.00	7	58	8	38	1	2	37	5.32	191.44	9.0	21	0.1375	0.2221	0.0199	0.0396	0.3883	0.0000	0.0000	0.0727	0.0000	0.1100	0.0000	0.0000	0.0000	0.0000	0.0000	0.0000	0.0000	0.0000	0.0000	0.0000	0.0000	0.0000	0.3840	1.3740	
NR	10	8.54	5.55	3.02	5.90	9.81	18.55	7.32	2.33	10.33	24.11	169	4.00	7	40	4.5	22	0	3	22	4.33	88.80	6.0	21	0.9389	0.0000	0.2781	0.0416	0.2334	0.2238	0.0000	0.1904	0.0000	0.3172	0.0000	0.0416	0.0000	0.0000	0.0000	0.0000	0.0000	0.0000	0.0000	0.1176	0.0000	0.0000	0.0000	2.3825	
NR	17	7.26	4.09	2.72	4.60	8.85	17.45	6.21	3.00	10.33	31.00	171	3.40	5	50	8.5	21	5	5	16	4.40	59.37	2.0	22	1.3286	0.0000	0.0000	0.0000	0.0533	0.0000	0.0000	0.0000	0.0000	0.0089	0.0000	0.0000	0.0000	0.0000	0.0000	0.0000	0.0000	0.0888	0.0000	0.0000	0.0000	0.0000	0.1376	1.6172	
NR	19	7.34	3.75	3.32	4.54	8.25	15.26	6.11	1.67	6.67	11.11	166	5.33	6	49	5.5	23	4	4	19	3.81	64.73	8.0	22	1.0207	0.0000	0.0727	0.3509	1.2172	0.0000	0.0000	0.0000	0.0000	0.0611	0.1656	0.0000	0.0000	0.0000	2.2563	0.0000	0.0000	0.0000	0.0000	0.0000	0.0000	0.0000	0.0000	5.1446	
NR	22	7.96	4.66	2.83	5.00	8.60	16.50	6.49	3.00	12.67	38.00	169	9.75	4	61	11.5	36	4	2	32	4.27	132.48	10.0	24	0.1590	0.0000	0.0000	0.0000	0.0231	0.0000	0.0000	0.0000	0.0000	0.0078	0.0000	0.0000	0.0000	0.0000	0.0000	0.0000	0.0000	0.0000	0.0000	0.0000	0.0000	0.0000	0.0000	0.1899	
NR	31	7.62	4.56	3.07	5.29	9.25	18.00	6.74	3.00	11.00	33.00	169	6.57	7	41	12	36	10	9	26	4.71	101.25	13.0	23	0.0000	0.1404	0.0000	0.0000	0.0211	0.1071	0.0038	0.0000	0.0000	0.0000	0.0080	0.0000	0.0000	0.0000	0.0000	0.0000	0.0000	0.0038	0.0000	0.0000	0.0175	0.0000	0.0000	0.3016	
TH	4	8.09	5.72	2.76	5.15	9.43	17.77	6.92	1.75	10.25	17.94	166	7.00	6	61	9.5	36	6	3	30	5.24	149.42	11.0	21	0.1532	1.2080	0.0148	0.0000	0.2300	0.0000	0.0000	0.0000	0.0000	0.0700	0.0000	0.0000	0.0000	0.0000	0.0000	0.0000	0.0000	0.0000	0.0000	0.0000	0.0000	0.0917	0.4655	2.2332	
TH	13	8.03	4.82	2.85	5.80	12.07	20.76	7.37	0.00	0.00	0.00	169	6.50	8	82	24	45	10	5	35	4.29	139.32	6.0	22	0.0000	0.5169	0.0028	0.0000	0.0068	0.0000	0.0000	0.0000	0.0000	0.0000	0.0000	0.0000	0.0000	0.0000	0.0000	0.0000	0.0000	0.0000	0.0000	0.1653	0.0000	0.0000	0.0000	0.6917	
WF	3	7.37	4.47	2.70	4.33	8.39	17.04	6.17	0.00	0.00	0.00	175	2.45	11	58	14	33	10	13	23	4.51	74.42	1.0	24	0.0507	0.2084	0.0589	0.0000	0.1572	0.0408	0.0743	0.0000	0.0312	0.0856	0.0000	0.0000	0.0000	0.0000	0.1830	0.0000	0.0000	0.0000	0.0000	0.0000	0.0000	0.0000	0.4517	1.3418	
WF	6	7.49	3.75	2.68	4.02	7.89	15.56	5.78	0.50	1.50	0.75	167	1.60	15	67	7	24	13	5	11	5.73	48.67	2.0	21	0.3930	0.0000	0.0000	0.0000	0.0588	0.0000	0.2452	0.0000	0.0000	0.0807	0.0000	0.0000	0.0000	0.0000	0.0000	0.0000	0.0000	0.0000	0.0000	0.0000	0.0000	0.0000	0.0703	0.8480	
WF	12	8.37	4.75	3.02	4.85	8.30	16.01	6.53	2.67	7.67	20.44	169	3.00	6	56.5	5	18	4	6	14	5.44	59.88	5.0	21	0.3402	0.1977	0.0000	0.0000	0.2799	0.4164	0.0000	0.0000	0.0000	0.0000	0.0000	0.0000	0.0000	0.0000	0.0000	0.0000	0.0000	0.0555	0.0000	0.0000	0.0000	0.0000	0.0682	1.3580	
WF	15	8.15	4.83	3.11	5.07	9.03	16.99	6.76	1.80	8.60	15.48	166	4.75	5	47.5	8	30	6	7	24	4.56	93.57	8.0	22	0.1437	0.0729	0.0087	0.1809	0.3286	0.3170	0.0951	0.0355	0.3647	0.0000	0.0997	0.0081	0.0239	0.0000	1.0906	0.0000	0.0000	0.0000	0.0000	0.0345	0.0476	0.0899	0.0000	2.9413	
WF	16	7.21	3.91	2.33	4.34	8.73	17.61	5.93	2.50	9.50	23.75	171	1.50	6	48	6	8	2	3	6	4.51	20.28	1.0	22	0.0000	0.0000	0.0000	0.0000	0.0000	0.0000	0.0000	0.0000	0.0000	0.0000	0.0000	0.0000	0.0000	0.0000	0.0000	0.0000	0.0000	0.0000	0.0000	0.0000	0.0000	0.0000	0.0000	0.0000	
WF	19	8.21	4.33	2.70	4.94	8.90	15.74	6.36	2.00	7.33	14.67	167	2.50	8	53	4	26	17	1	9	4.63	39.36	4.0	24	0.3529	1.1069	0.1093	0.0854	0.3440	0.2251	0.0000	0.0000	0.0686	0.0000	0.1328	0.0000	0.0000	0.0000	0.0000	0.0000	0.0000	0.0479	0.0000	0.0600	0.0498	0.0000	0.2973	2.8800	
WF	22	7.41	4.40	2.84	5.27	9.08	16.82	6.49	3.00	6.33	19.00	169	3.00	8	66	7.5	29	12	7	17	4.98	67.19	1.0	24	4.5596	0.0000	0.0000	0.0000	0.0000	0.0000	0.3107	0.0000	0.0000	0.0000	0.0000	0.0000	0.0000	0.0000	0.0000	0.0000	0.0000	0.0000	0.0000	0.0000	0.0000	0.0000	0.4902	5.3605	
																																																	
																																																	
